676 76786 8776 7676 7 7 76 66 77 99 9 767 7687 87 767 4 534 4
90 8 0 89 0 0 0 77 7 5 232 11 23 1 1 223 34 45 5443 121 2 334
76 78 76 8769565 -7 87 987 96 656 46 3435 7 7 877 2 32 34 3 3
899 88 877 668768 565 454 5 -9 7868 76 76 545 3 433 4 343 5 5
1 11 23 32 3312334 43 212 11 223 7 6 987764744 43 23 3233 232
87 867 686 876 5764 654653 35435 6565 897 878 56 65 6 7 117 8
121 1212 1 1 1 14 5 6 44 7 87 56 4546 565 67 89 6 9 8 67 1766
7868 76 76 545 3 433 4 343 5 51 11 23 32 3312334 43 212 11 22
3 7 6 987764744 43 23 3233 232 8 99 9 656 67 7 8 874 6 7 6781
87 867 686 876 5764 654653 35435 6565 897 878 56 65 6 7 117 8
7676 7 7 76 66 77 99 9 767 7687 87 767 4 534 4 889 7676 654 4
90 8 0 89 0 0 0 77 7 5 232 11 23 1 1 232 121 1 323 43 56 6 76
676 76786 8776 7676 7 7 76 66 77 99 9 767 7687 87 767 4 534 4
90 8 0 89 0 0 0 77 7 5 232 11 23 1 1 223 34 45 5443 121 2 334
76 78 76 8769565 -7 87 987 96 656 46 3435 7 7 877 2 32 34 3 3
899 88 877 668768 565 454 5 -9 7868 76 76 545 3 433 4 343 5 5
1 11 23 32 3312334 43 212 11 223 7 6 987764744 43 23 3233 232
87 867 686 876 5764 654653 35435 6565 897 878 56 65 6 7 117 8
121 1212 1 1 1 14 5 6 44 7 87 56 4546 565 67 89 6 9 8 67 1766
7868 76 76 545 3 433 4 343 5 51 11 23 32 3312334 43 212 11 22
3 7 6 987764744 43 23 3233 232 8 99 9 656 67 7 8 874 6 7 6781
87 867 686 876 5764 654653 35435 6565 897 878 56 65 6 7 117 8
7676 7 7 76 66 77 99 9 767 7687 87 767 4 534 4 889 7676 654 4
90 8 0 89 0 0 0 77 7 5 232 11 23 1 1 232 121 1 323 43 56 6 76
676 76786 8776 7676 7 7 76 66 77 99 9 767 7687 87 767 4 534 4
90 8 0 89 0 0 0 77 7 5 232 11 23 1 1 223 34 45 5443 121 2 334
76 78 76 8769565 -7 87 987 96 656 46 3435 7 7 877 2 32 34 3 3
899 88 877 668768 565 454 5 -9 7868 76 76 545 3 433 4 343 5 5
1 11 23 32 3312334 43 212 11 223 7 6 987764744 43 23 3233 232
87 867 686 876 5764 654653 35435 6565 897 878 56 65 6 7 117 8
121 1212 1 1 1 14 5 6 44 7 87 56 4546 565 67 89 6 9 8 67 1766
7868 76 76 545 3 433 4 343 5 51 11 23 32 3312334 43 212 11 22
3 7 6 987764744 43 23 3233 232 8 99 9 656 67 7 8 874 6 7 6781
87 867 686 876 5764 654653 35435 6565 897 878 56 65 6 7 117 8
7676 7 7 76 66 77 99 9 767 7687 87 767 4 534 4 889 7676 654 4
90 8 0 89 0 0 0 77 7 5 232 11 23 1 1 232 121 1 323 43 56 6 76